time_limit: 10s
origin:
  x: 35.937168
  y: -170.443924
  z: 1.02
  pitch: 0.002
  yaw: 0
  roll: 0.
destinations: [
  { x: 204.909958, y: -293.558289, z: 1.5},
  { x: 232.524643, y: -364.066071, z: 1.5},
  { x: 289.980988, y: -172.533783, z: 1.5}
]
spectator:
  x: 226.846741
  y: -214.034958
  z: 204.832672
  pitch: -88.924431
  yaw: -89.372307
  roll: 0.0