route:
  start:
    x: 396.449982
    y: 87.529510
    z: 0.3
    pitch: 0.
    yaw: -90.000298
    roll: 0.
  end:
    x: 365.
    y: -2.
    z: 0.